0.65697929
0.25825949
-0.40875274
0.23400905
0.97700686
-0.31198222
-0.52071067
-0.99920579
0.81857970
0.25508091
0.57245860
0.49743267
0.23379527
-0.63319684
0.68718649
0.43198588
0.30360267
0.22561414
0.74757227
0.58535454
0.44884995
-0.18169114
0.99530680
0.24761701
-0.29366949
-0.63455372
-0.35819130
-0.48878647
0.88216949
0.78581335
0.97610422
0.90494395
0.74841384
-0.67551300
-0.70662317
0.29960620
0.58017188
-0.85539678
-0.51096112
-0.97858570
-0.53491718
-0.49029024
0.82437592
-0.26490685
-0.92393195
0.30166463
0.63273373
-0.83249918
-0.97703791
-0.26876936
-0.17446912
-0.16795802
-0.07324797
-0.06798697
0.09631706
0.06538184
0.01538511
0.56218266
-0.42006970
0.10100376
0.14933066
-0.59221698
0.11047394
-0.57176795
0.09831344
-0.86046034
0.72089503
-0.58323459
-0.52273581
-0.23882957
-0.42526722
0.50104626
-0.36212206
-0.78526065
0.61227174
-0.49588309
0.00780970
-0.92029832
0.24838751
-0.22511678
-0.38345230
-0.33590008
0.86318649
-0.06402088
-0.99985801
0.45156101
-0.20103416
-0.95415273
0.27548478
-0.12129597
0.18353827
0.23596922
-0.09180666
-0.90182945
0.43938835
0.48018572
-0.19040241
-0.89717495
0.89600931
0.75477370
0.65529990
-0.10272681
0.76894943
0.70743667
0.29547349
0.01356653
-0.84795418
-0.27518623
-0.53781769
0.72036101
0.26878011
0.46291423
-0.68728943
0.89929388
-0.19915409
0.22277335
0.59697847
0.37273964
-0.99990331
0.00531531
0.97123999
-0.98599256
-0.91814135
-0.79315418
0.20681312
-0.90761943
-0.15625611
-0.28827379
0.39534091
-0.27404455
-0.35088990
0.35495149
0.16650474
-0.51909041
-0.25026687
-0.59053077
-0.48271583
0.69462898
-0.14591812
0.31396593
0.06254350
0.87403808
-0.33315516
-0.27817634
0.49298708
0.72785894
-0.95589246
0.69904785
0.61525085
0.08556589
-0.13243385
0.20487384
-0.32978959
0.55621441
-0.80656049
-0.09609005
0.52389813
0.25166647
-0.99701695
-0.96565519
-0.08629186
-0.55687189
-0.25715863
-0.11753567
-0.87862091
-0.27191525
-0.24626185
-0.39751953
0.83677836
-0.04529865
-0.63921512
-0.40592472
0.65859895
0.23624799
0.32719908
0.23240682
-0.47746655
0.74499743
-0.98926375
-0.26948942
0.18394368
0.84967812
-0.08399020
-0.15158355
0.30992322
0.52847262
-0.24071287
-0.09186207
0.28760402
0.47030905
0.26764313
0.56588854
-0.93102596
-0.79827532
-0.91651844
-0.67896315
0.67000589
0.11886816
-0.65595660
0.87759802
0.08431866
0.66051571
-0.36511246
-0.53452129
0.40398762
0.03956730
-0.42770742
-0.94465415
-0.69439420
0.56784522
0.03750378
-0.16635427
-0.78290489
0.26285535
-0.74653286
0.16128733
-0.63099925
-0.01017782
-0.32911876
-0.58630246
-0.78966896
-0.69273496
0.74665910
0.44874300
-0.99283165
0.62083048
-0.50875518
0.77187310
0.67856130
-0.28886523
-0.36950577
-0.69162738
-0.22315354
-0.38912030
0.64235163
-0.44023531
0.70290790
-0.60942969
-0.28999507
-0.30804884
0.17126270
-0.08749841
-0.92310258
-0.23996881
0.09297409
-0.86348387
-0.57354707
0.54379513
0.26075874
0.61744272
-0.95701998
-0.97648622
-0.20240667
-0.58060865
0.17582948
0.64544379
0.49815196
0.85828983
0.04909107
0.07729083
0.33458900
0.74252239
-0.63735014
0.39821325
-0.62217959
-0.60036758
0.54193190
0.05979238
-0.99057073
0.91072210
0.75455800
0.74461779
-0.01194953
0.06220339
-0.93547856
0.50031342
0.51670403
0.16712548
-0.25976598
-0.01600012
0.05436492
-0.10255107
-0.71519819
0.30548746
0.34934058
0.49952555
-0.38814829
0.60869518
-0.40006640
-0.45182665
-0.45903004
0.52698186
-0.36284957
-0.28599110
0.35096375
-0.93292355
-0.69995491
-0.15689976
-0.57421171
0.52014425
0.28661227
0.67929343
-0.58440847
-0.12330481
0.46423950
-0.79049656
-0.11087057
-0.01889459
0.38885271
0.86161597
-0.68969845
-0.89463756
0.21735291
-0.51411843
0.11660439
0.35700135
-0.06699046
0.31681013
0.61669868
0.71287847
0.42175583
-0.47333277
-0.40778552
-0.62830950
0.19875341
0.55659488
-0.80846754
-0.18004710
0.26249142
0.53062673
0.03121340
-0.90642129
-0.11872076
0.56253817
0.98229195
0.69855801
-0.88002739
0.53345040
0.44981313
0.50936582
-0.59713709
-0.35232285
0.19415768
0.95422713
-0.09714332
-0.00738919
0.94331228
0.52600918
0.95953067
-0.59433732
-0.93666277
-0.68370394
0.43940680
0.55456472
0.28991556
-0.32387068
0.30930466
-0.90868730
0.73496956
-0.79407650
0.89393867
-0.24100450
-0.73095821
-0.37424033
0.79736818
0.56158079
-0.61391735
-0.65211834
0.78663244
0.54152902
0.58423388
-0.57288429
-0.61325465
0.29347817
-0.77742613
0.01182504
0.36984314
-0.68594486
-0.25325073
0.61674439
0.81864386
-0.67862093
0.47589576
0.11139127
-0.62428681
0.38002871
-0.40036737
0.26453616
-0.52843300
-0.02131380
0.51652843
0.24041484
-0.50444944
0.30641584
-0.33842823
-0.76159368
0.31371241
0.89463978
0.68230867
-0.70722386
0.37498557
0.32842617
0.02097837
-0.13055621
-0.23282347
0.68458847
-0.49832996
-0.41704040
0.12193770
0.25332738
-0.10056109
0.72885064
0.90791424
0.63305468
0.44012622
-0.75591639
-0.83409154
0.67824667
-0.29889760
0.81127392
0.15578280
-0.89782693
-0.56869185
-0.70663087
-0.16739732
0.75511658
-0.81408259
0.85968988
0.87167544
-0.46928413
-0.92864226
-0.06706556
0.16875999
0.45348559
-0.33301126
-0.87263547
0.78327500
0.65792516
-0.25410083
0.53092633
-0.12519808
0.03654343
0.12037785
-0.50898824
-0.74338942
0.22096658
0.22713541
-0.53013739
0.71521990
-0.76939065
0.76503003
-0.22218178
-0.40035512
0.50582829
-0.46966100
0.05109665
-0.54153056
-0.88722890
0.65556210
-0.76837177
0.08384600
0.24936793
-0.99924836
-0.67276976
-0.98096687
0.50600291
0.40741951
-0.28731788
0.34082423
-0.81800989
0.64530998
-0.15356005
-0.79682362
-0.80482129
-0.78728534
0.23739775
-0.59802530
-0.15360393
0.61804431
-0.34216706
-0.45330035
0.63765762
-0.58706721
0.30913369
0.15202616
0.12742553
-0.37064503
-0.70867236
-0.73956631
0.68533341
-0.05077662
-0.53660530
0.56208410
0.36484873
-0.67756287
-0.71761257
0.33748566
0.31746577
0.28761187
-0.62642407
0.64419693
0.22749215
0.86444398
0.32283232
-0.50159367
-0.90661560
-0.92571893
0.43653849
-0.51316380
-0.70864737
-0.91208970
0.61766091
0.68144750
-0.54096594
0.49567809
-0.43610612
-0.32349697
-0.34158764
-0.86673119
-0.84569309
-0.01033674
-0.24780666
-0.16682670
0.23937036
0.32705906
0.27101823
-0.31959672
0.48951049
0.39101120
0.17315409
0.76548454
0.91441838
0.72015833
-0.35927531
0.32717597
0.81126529
0.37082241
0.99824952
-0.00121194
-0.45420057
0.38682067
0.99002506
-0.57924479
-0.16853853
-0.67598499
-0.50055605
-0.21258464
-0.31966668
0.85704977
-0.09455229
0.05313315
0.00230825
0.62065276
0.60967640
-0.76435834
0.23670046
0.54545505
-0.43032309
-0.46175952
-0.06776749
-0.25749935
-0.04151867
-0.12358463
-0.48954761
-0.71772471
-0.46765608
-0.30303256
-0.49495607
-0.96456394
-0.09850502
0.80916339
0.31412997
-0.71313524
-0.48300633
0.58252943
0.45475978
0.64623705
0.87260555
-0.61765682
0.05388732
-0.43878008
-0.18322515
-0.52029418
-0.28488884
-0.67135802
-0.99494061
-0.18668395
-0.44076466
-0.64544896
0.17131595
0.44303638
0.44252183
0.01717224
-0.34814834
-0.09032421
-0.40623880
0.36605371
0.84945629
-0.41650869
-0.04801153
-0.21691132
-0.36220823
-0.19962835
0.75518508
0.90632075
-0.99123312
0.20285628
0.57115523
0.27701325
-0.76597042
0.42102553
-0.80450052
0.16953122
0.69512954
-0.53854926
-0.60802417
-0.92434368
0.65509340
-0.94347665
-0.26552278
-0.65037707
0.00814602
-0.00802760
0.72976287
0.14227917
-0.65796884
0.81670600
0.32727545
0.00537798
0.64416994
-0.42460632
0.76193019
0.06287628
-0.81481271
-0.03291147
-0.35640570
0.08616129
0.91340775
-0.26495164
-0.94707863
0.47902108
-0.35023006
0.33057307
-0.00430741
0.71537035
0.49726393
-0.20416836
0.02822871
0.16751266
0.01648757
0.46774162
0.45718013
-0.61174053
-0.09021464
0.03723261
-0.70182848
0.56387988
-0.66913404
-0.00955208
-0.48164994
0.24351747
-0.08577645
-0.48908842
0.06880125
-0.81675701
0.12306597
0.70439975
0.45498121
0.07739502
0.34323415
0.72136503
0.10385543
0.82136623
0.11349902
0.71667565
-0.09447439
-0.67876819
-0.52556981
0.22348675
-0.13255659
0.21431063
-0.52668833
0.86704987
0.40681791
0.35127052
-0.21272837
0.29500747
-0.10148970
0.97994359
-0.81277037
-0.06325190
0.38736446
0.88363640
0.26302332
0.23423197
0.28705780
-0.69693453
-0.51066355
0.10028458
-0.51738476
0.00812768
0.60250368
0.32703008
-0.92645327
-0.58394046
-0.19375370
0.83647645
0.21598277
-0.56340005
-0.30216900
-0.46416124
-0.22922814
0.75655023
0.11004955
-0.35018387
0.29707148
0.22080724
-0.82207474
-0.26638903
0.87990485
0.84562703
-0.47828542
-0.47085342
0.56066159
-0.19618442
0.77291183
-0.09562587
-0.00602295
-0.25407627
-0.23658092
-0.08382870
0.43556989
0.45990254
-0.32773587
-0.07140411
-0.24458857
-0.87210035
0.96540391
0.19258636
-0.09972633
0.94402118
0.37730879
-0.02403326
-0.28530708
-0.13702411
-0.58761046
0.08969982
0.91500418
-0.62598966
0.54040959
0.67476100
0.81662748
0.26132614
0.18718890
0.54520529
-0.45386270
-0.98352477
-0.46316239
0.06770928
-0.54971774
0.82498202
-0.77452292
-0.46731591
-0.04040786
0.32186865
0.67189418
0.26942546
0.61368123
0.14484067
-0.01657739
0.60302733
-0.11789720
-0.90226055
0.97492058
0.49849896
0.15728954
-0.33166682
0.18670399
0.80328858
0.68589028
0.73683227
-0.79272560
0.57462122
-0.18807821
-0.38606631
-0.94695935
0.42091175
0.68725514
-0.90022439
-0.50873719
0.90031363
-0.77983923
0.91594998
-0.30922793
0.76089639
-0.44794099
0.42889707
-0.90056851
-0.78549288
0.71798151
-0.15144106
0.12505137
0.46544919
0.92176596
-0.88173003
-0.76086782
-0.73839970
0.60544103
-0.67965829
0.05106051
0.41718431
0.98079240
0.22087034
-0.41683541
0.10176033
0.08142118
0.80103254
-0.85814271
0.96750321
0.81138801
0.87798521
0.34372080
0.45310704
-0.81326035
-0.72905320
0.62128616
0.69058519
-0.79405628
0.51179332
-0.35765249
-0.52352487
0.67919986
-0.15711181
0.31991754
-0.92844260
0.48160613
0.99513317
-0.23170545
0.05851328
0.56832850
-0.67559840
0.80283903
-0.37942393
0.35861863
-0.08162924
0.32836818
0.36579663
-0.51534263
0.08745993
-0.67154074
0.81317732
0.14544404
0.69056158
0.95140438
0.59273537
0.10824807
0.74621257
-0.46489396
0.88213001
0.98052680
0.83474077
-0.92559586
0.17196061
-0.15798605
-0.90894104
0.85042862
0.50269215
-0.87920282
0.44426807
-0.42733599
0.92894714
-0.70133824
0.19440685
-0.06966261
-0.17732724
0.76097793
-0.55022362
0.08592463
0.89520493
0.30668133
-0.93180583
-0.22228881
0.74783885
-0.22337599
0.49381384
0.48221203
-0.54044411
0.84760407
-0.65591891
0.66050544
-0.17831098
0.54067367
-0.31995623
0.78267048
0.71085286
-0.73619386
0.36473234
-0.70084095
-0.17926408
0.09989537
0.10360532
0.54599631
0.48150018
0.81535075
-0.07256944
-0.19839369
0.88780219
-0.80877043
0.11749512
-0.36520937
0.88954130
0.23780392
-0.07122830
0.75806307
0.46537041
0.17843086
-0.79871129
-0.95624344
-0.83140605
-0.08969445
-0.62336273
-0.84974842
-0.34186658
-0.54542604
-0.32565795
0.10489475
0.93662269
-0.54554063
-0.19970867
0.98154291
-0.07596299
0.96906090
-0.00311936
0.97600782
0.07619880
-0.73420701
-0.32159360
0.45801663
-0.16871224
0.84944286
-0.85941671
-0.24120887
0.13031804
0.51318357
0.46733112
-0.23751021
0.80931283
-0.61395868
0.78069619
-0.48364861
-0.17268574
-0.99344132
0.09167267
-0.30998586
0.29117605
0.86437096
0.17541657
-0.47879398
0.79989171
-0.96550753
-0.54415773
0.43371639
-0.80074429
0.43403504
-0.52083889
-0.17432218
-0.42112026
-0.69676348
-0.38039672
0.26687860
-0.95481520
0.24831960
-0.59962236
-0.20588719
-0.06833887
0.59671509
-0.55799129
-0.23522809
0.81357487
-0.75224785
-0.90988537
0.37920759
-0.40375812
0.99312066
-0.63213693
0.11029349
0.18259693
-0.00192639
-0.07488062
-0.69446177
-0.48288235
0.44476087
0.99269483
0.11062062
0.28735763
0.36161343
0.90561923
-0.26720192
-0.06155642
-0.74292058
-0.84038660
0.08801625
0.34461392
0.68701390
0.19664950
-0.87519776
0.47529123
-0.69282910
-0.82978526
-0.90198602
-0.83919361
-0.57341900
-0.22292345
-0.42403524
-0.70057732
0.26763401
-0.77261816
0.46896286
0.78004481
-0.11417940
-0.18382722
-0.17229300
0.75740378
0.05443250
